ks=0.10386044970110352
kr=0.39608350368311374
bs=0.07885481303755182
br=0.016004569200444664
g_min=0.2105322449526574
g_max=0.46991093246946813
