ks=0.2923436426146473
kr=0.6184388440204805
