ks=1.5351437200651281
kr=0.00666533431294791
bs=3.612171762140921
br=2.7892873297753527
g_offset=37.3168286276901
c_space=35.41954774393911
c_repr=0.9771262883017706
fr=0.8558777200833707
fr_repr=0.715219032632738
c_daughter=0.014141007908146527
